(kicad_pcb (version 20171130) (host pcbnew 5.99.0+really5.1.10+dfsg1-1)

  (general
    (thickness 1.6)
    (drawings 34)
    (tracks 59)
    (zones 0)
    (modules 30)
    (nets 28)
  )

  (page A4)
  (layers
    (0 F.Cu signal)
    (1 In1.Cu signal)
    (2 In2.Cu signal)
    (31 B.Cu signal)
    (32 B.Adhes user)
    (33 F.Adhes user)
    (34 B.Paste user)
    (35 F.Paste user)
    (36 B.SilkS user)
    (37 F.SilkS user)
    (38 B.Mask user)
    (39 F.Mask user)
    (40 Dwgs.User user)
    (41 Cmts.User user)
    (42 Eco1.User user hide)
    (43 Eco2.User user hide)
    (44 Edge.Cuts user)
    (45 Margin user)
    (46 B.CrtYd user)
    (47 F.CrtYd user)
    (48 B.Fab user hide)
    (49 F.Fab user hide)
  )

  (setup
    (last_trace_width 0.254)
    (trace_clearance 0.254)
    (zone_clearance 0.508)
    (zone_45_only no)
    (trace_min 0.127)
    (via_size 0.508)
    (via_drill 0.254)
    (via_min_size 0.4572)
    (via_min_drill 0.254)
    (uvia_size 0.4572)
    (uvia_drill 0.254)
    (uvias_allowed no)
    (uvia_min_size 0.4572)
    (uvia_min_drill 0.254)
    (edge_width 0.05)
    (segment_width 0.2)
    (pcb_text_width 0.3)
    (pcb_text_size 1.5 1.5)
    (mod_edge_width 0.12)
    (mod_text_size 1 1)
    (mod_text_width 0.15)
    (pad_size 1.524 1.524)
    (pad_drill 0.762)
    (pad_to_mask_clearance 0.0508)
    (aux_axis_origin 0 0)
    (visible_elements FFFFFF7F)
    (pcbplotparams
      (layerselection 0x010fc_ffffffff)
      (usegerberextensions false)
      (usegerberattributes true)
      (usegerberadvancedattributes true)
      (creategerberjobfile true)
      (excludeedgelayer true)
      (linewidth 0.100000)
      (plotframeref false)
      (viasonmask false)
      (mode 1)
      (useauxorigin false)
      (hpglpennumber 1)
      (hpglpenspeed 20)
      (hpglpendiameter 15.000000)
      (psnegative false)
      (psa4output false)
      (plotreference true)
      (plotvalue true)
      (plotinvisibletext false)
      (padsonsilk false)
      (subtractmaskfromsilk false)
      (outputformat 1)
      (mirror false)
      (drillshape 1)
      (scaleselection 1)
      (outputdirectory ""))
  )

  (net 0 "")
  (net 1 "Net-(C1-Pad1)")
  (net 2 GND)
  (net 3 "Net-(C2-Pad2)")
  (net 4 "Net-(C2-Pad1)")
  (net 5 +15V)
  (net 6 -15V)
  (net 7 /PROBE)
  (net 8 /H_OUT)
  (net 9 +5V)
  (net 10 /ID_CLK)
  (net 11 /ID_DAT)
  (net 12 "Net-(J3-Pad6)")
  (net 13 "Net-(J3-Pad7)")
  (net 14 /V_OUT)
  (net 15 /HI_PROBE)
  (net 16 /LO_PROBE)
  (net 17 "Net-(R5-Pad1)")
  (net 18 "Net-(R5-Pad2)")
  (net 19 "Net-(R6-Pad1)")
  (net 20 "Net-(R7-Pad1)")
  (net 21 "Net-(R8-Pad2)")
  (net 22 "Net-(R10-Pad2)")
  (net 23 "Net-(R13-Pad2)")
  (net 24 "Net-(R14-Pad2)")
  (net 25 "Net-(LA1-Pad2)")
  (net 26 /LO_GND)
  (net 27 /HI_GND)

  (net_class Default "This is the default net class."
    (clearance 0.254)
    (trace_width 0.254)
    (via_dia 0.508)
    (via_drill 0.254)
    (uvia_dia 0.4572)
    (uvia_drill 0.254)
    (diff_pair_width 0.127)
    (diff_pair_gap 0.127)
    (add_net /HI_GND)
    (add_net /HI_PROBE)
    (add_net /H_OUT)
    (add_net /ID_CLK)
    (add_net /ID_DAT)
    (add_net /LO_GND)
    (add_net /LO_PROBE)
    (add_net /PROBE)
    (add_net /V_OUT)
    (add_net "Net-(C1-Pad1)")
    (add_net "Net-(C2-Pad1)")
    (add_net "Net-(C2-Pad2)")
    (add_net "Net-(J3-Pad6)")
    (add_net "Net-(J3-Pad7)")
    (add_net "Net-(LA1-Pad2)")
    (add_net "Net-(R10-Pad2)")
    (add_net "Net-(R13-Pad2)")
    (add_net "Net-(R14-Pad2)")
    (add_net "Net-(R5-Pad1)")
    (add_net "Net-(R5-Pad2)")
    (add_net "Net-(R6-Pad1)")
    (add_net "Net-(R7-Pad1)")
    (add_net "Net-(R8-Pad2)")
  )

  (net_class Power ""
    (clearance 0.254)
    (trace_width 0.254)
    (via_dia 0.508)
    (via_drill 0.254)
    (uvia_dia 0.4572)
    (uvia_drill 0.254)
    (diff_pair_width 0.127)
    (diff_pair_gap 0.127)
    (add_net +15V)
    (add_net +5V)
    (add_net -15V)
    (add_net GND)
  )

  (module Connector_Coaxial:U.FL_Hirose_U.FL-R-SMT-1_Vertical locked (layer F.Cu) (tedit 5A1DBFC3) (tstamp 6204CD6A)
    (at 115 110.9 180)
    (descr "Hirose U.FL Coaxial https://www.hirose.com/product/en/products/U.FL/U.FL-R-SMT-1%2810%29/")
    (tags "Hirose U.FL Coaxial")
    (path /6209CC41)
    (attr smd)
    (fp_text reference J2 (at -1.5 -1.4) (layer F.SilkS)
      (effects (font (size 0.6 0.6) (thickness 0.1)))
    )
    (fp_text value TekProbe_BNC (at 0.475 3.2) (layer F.Fab)
      (effects (font (size 1 1) (thickness 0.15)))
    )
    (fp_text user %R (at 0.475 0 90) (layer F.Fab)
      (effects (font (size 0.6 0.6) (thickness 0.09)))
    )
    (fp_line (start -2.02 1) (end -2.02 -1) (layer F.CrtYd) (width 0.05))
    (fp_line (start -1.32 1) (end -2.02 1) (layer F.CrtYd) (width 0.05))
    (fp_line (start 2.08 1.8) (end 2.28 1.8) (layer F.CrtYd) (width 0.05))
    (fp_line (start 2.08 2.5) (end 2.08 1.8) (layer F.CrtYd) (width 0.05))
    (fp_line (start 2.28 1.8) (end 2.28 -1.8) (layer F.CrtYd) (width 0.05))
    (fp_line (start -1.32 1.8) (end -1.12 1.8) (layer F.CrtYd) (width 0.05))
    (fp_line (start -1.12 2.5) (end -1.12 1.8) (layer F.CrtYd) (width 0.05))
    (fp_line (start 2.08 2.5) (end -1.12 2.5) (layer F.CrtYd) (width 0.05))
    (fp_line (start 1.835 -1.35) (end 1.835 1.35) (layer F.SilkS) (width 0.12))
    (fp_line (start -0.885 -0.76) (end -1.515 -0.76) (layer F.SilkS) (width 0.12))
    (fp_line (start -0.885 1.4) (end -0.885 0.76) (layer F.SilkS) (width 0.12))
    (fp_line (start -0.925 -0.3) (end -1.075 -0.15) (layer F.Fab) (width 0.1))
    (fp_line (start 1.775 -1.3) (end 1.375 -1.3) (layer F.Fab) (width 0.1))
    (fp_line (start 1.375 -1.5) (end 1.375 -1.3) (layer F.Fab) (width 0.1))
    (fp_line (start -0.425 -1.5) (end 1.375 -1.5) (layer F.Fab) (width 0.1))
    (fp_line (start 1.775 -1.3) (end 1.775 1.3) (layer F.Fab) (width 0.1))
    (fp_line (start 1.775 1.3) (end 1.375 1.3) (layer F.Fab) (width 0.1))
    (fp_line (start 1.375 1.5) (end 1.375 1.3) (layer F.Fab) (width 0.1))
    (fp_line (start -0.425 1.5) (end 1.375 1.5) (layer F.Fab) (width 0.1))
    (fp_line (start -0.425 -1.3) (end -0.825 -1.3) (layer F.Fab) (width 0.1))
    (fp_line (start -0.425 -1.5) (end -0.425 -1.3) (layer F.Fab) (width 0.1))
    (fp_line (start -0.825 -0.3) (end -0.825 -1.3) (layer F.Fab) (width 0.1))
    (fp_line (start -0.925 -0.3) (end -0.825 -0.3) (layer F.Fab) (width 0.1))
    (fp_line (start -1.075 0.3) (end -1.075 -0.15) (layer F.Fab) (width 0.1))
    (fp_line (start -1.075 0.3) (end -0.825 0.3) (layer F.Fab) (width 0.1))
    (fp_line (start -0.825 0.3) (end -0.825 1.3) (layer F.Fab) (width 0.1))
    (fp_line (start -0.425 1.3) (end -0.825 1.3) (layer F.Fab) (width 0.1))
    (fp_line (start -0.425 1.5) (end -0.425 1.3) (layer F.Fab) (width 0.1))
    (fp_line (start -0.885 -1.4) (end -0.885 -0.76) (layer F.SilkS) (width 0.12))
    (fp_line (start 2.08 -1.8) (end 2.28 -1.8) (layer F.CrtYd) (width 0.05))
    (fp_line (start 2.08 -1.8) (end 2.08 -2.5) (layer F.CrtYd) (width 0.05))
    (fp_line (start -1.32 -1) (end -1.32 -1.8) (layer F.CrtYd) (width 0.05))
    (fp_line (start 2.08 -2.5) (end -1.12 -2.5) (layer F.CrtYd) (width 0.05))
    (fp_line (start -1.12 -1.8) (end -1.12 -2.5) (layer F.CrtYd) (width 0.05))
    (fp_line (start -1.32 -1.8) (end -1.12 -1.8) (layer F.CrtYd) (width 0.05))
    (fp_line (start -1.32 1.8) (end -1.32 1) (layer F.CrtYd) (width 0.05))
    (fp_line (start -1.32 -1) (end -2.02 -1) (layer F.CrtYd) (width 0.05))
    (pad 2 smd rect (at 0.475 -1.475 180) (size 2.2 1.05) (layers F.Cu F.Paste F.Mask)
      (net 2 GND))
    (pad 1 smd rect (at -1.05 0 180) (size 1.05 1) (layers F.Cu F.Paste F.Mask)
      (net 8 /H_OUT))
    (pad 2 smd rect (at 0.475 1.475 180) (size 2.2 1.05) (layers F.Cu F.Paste F.Mask)
      (net 2 GND))
    (model ${KISYS3DMOD}/Connector_Coaxial.3dshapes/U.FL_Hirose_U.FL-R-SMT-1_Vertical.wrl
      (offset (xyz 0.4749999928262157 0 0))
      (scale (xyz 1 1 1))
      (rotate (xyz 0 0 0))
    )
  )

  (module Capacitor_SMD:C_0402_1005Metric (layer F.Cu) (tedit 5F68FEEE) (tstamp 6204CDD2)
    (at 114.8 133.6)
    (descr "Capacitor SMD 0402 (1005 Metric), square (rectangular) end terminal, IPC_7351 nominal, (Body size source: IPC-SM-782 page 76, https://www.pcb-3d.com/wordpress/wp-content/uploads/ipc-sm-782a_amendment_1_and_2.pdf), generated with kicad-footprint-generator")
    (tags capacitor)
    (path /621B6989)
    (attr smd)
    (fp_text reference C1 (at 0 -1.16) (layer F.SilkS)
      (effects (font (size 1 1) (thickness 0.15)))
    )
    (fp_text value 100n (at 0 1.16) (layer F.Fab)
      (effects (font (size 1 1) (thickness 0.15)))
    )
    (fp_line (start 0.91 0.46) (end -0.91 0.46) (layer F.CrtYd) (width 0.05))
    (fp_line (start 0.91 -0.46) (end 0.91 0.46) (layer F.CrtYd) (width 0.05))
    (fp_line (start -0.91 -0.46) (end 0.91 -0.46) (layer F.CrtYd) (width 0.05))
    (fp_line (start -0.91 0.46) (end -0.91 -0.46) (layer F.CrtYd) (width 0.05))
    (fp_line (start -0.107836 0.36) (end 0.107836 0.36) (layer F.SilkS) (width 0.12))
    (fp_line (start -0.107836 -0.36) (end 0.107836 -0.36) (layer F.SilkS) (width 0.12))
    (fp_line (start 0.5 0.25) (end -0.5 0.25) (layer F.Fab) (width 0.1))
    (fp_line (start 0.5 -0.25) (end 0.5 0.25) (layer F.Fab) (width 0.1))
    (fp_line (start -0.5 -0.25) (end 0.5 -0.25) (layer F.Fab) (width 0.1))
    (fp_line (start -0.5 0.25) (end -0.5 -0.25) (layer F.Fab) (width 0.1))
    (fp_text user %R (at 0 0) (layer F.Fab)
      (effects (font (size 0.25 0.25) (thickness 0.04)))
    )
    (pad 1 smd roundrect (at -0.48 0) (size 0.56 0.62) (layers F.Cu F.Paste F.Mask) (roundrect_rratio 0.25)
      (net 1 "Net-(C1-Pad1)"))
    (pad 2 smd roundrect (at 0.48 0) (size 0.56 0.62) (layers F.Cu F.Paste F.Mask) (roundrect_rratio 0.25)
      (net 2 GND))
    (model ${KISYS3DMOD}/Capacitor_SMD.3dshapes/C_0402_1005Metric.wrl
      (at (xyz 0 0 0))
      (scale (xyz 1 1 1))
      (rotate (xyz 0 0 0))
    )
  )

  (module Capacitor_SMD:C_0402_1005Metric (layer F.Cu) (tedit 5F68FEEE) (tstamp 6204CE02)
    (at 107.696 127)
    (descr "Capacitor SMD 0402 (1005 Metric), square (rectangular) end terminal, IPC_7351 nominal, (Body size source: IPC-SM-782 page 76, https://www.pcb-3d.com/wordpress/wp-content/uploads/ipc-sm-782a_amendment_1_and_2.pdf), generated with kicad-footprint-generator")
    (tags capacitor)
    (path /621C11AA)
    (attr smd)
    (fp_text reference C2 (at 0 -1.16) (layer F.SilkS)
      (effects (font (size 1 1) (thickness 0.15)))
    )
    (fp_text value 100n (at 0 1.16) (layer F.Fab)
      (effects (font (size 1 1) (thickness 0.15)))
    )
    (fp_text user %R (at 0 0) (layer F.Fab)
      (effects (font (size 0.25 0.25) (thickness 0.04)))
    )
    (fp_line (start -0.5 0.25) (end -0.5 -0.25) (layer F.Fab) (width 0.1))
    (fp_line (start -0.5 -0.25) (end 0.5 -0.25) (layer F.Fab) (width 0.1))
    (fp_line (start 0.5 -0.25) (end 0.5 0.25) (layer F.Fab) (width 0.1))
    (fp_line (start 0.5 0.25) (end -0.5 0.25) (layer F.Fab) (width 0.1))
    (fp_line (start -0.107836 -0.36) (end 0.107836 -0.36) (layer F.SilkS) (width 0.12))
    (fp_line (start -0.107836 0.36) (end 0.107836 0.36) (layer F.SilkS) (width 0.12))
    (fp_line (start -0.91 0.46) (end -0.91 -0.46) (layer F.CrtYd) (width 0.05))
    (fp_line (start -0.91 -0.46) (end 0.91 -0.46) (layer F.CrtYd) (width 0.05))
    (fp_line (start 0.91 -0.46) (end 0.91 0.46) (layer F.CrtYd) (width 0.05))
    (fp_line (start 0.91 0.46) (end -0.91 0.46) (layer F.CrtYd) (width 0.05))
    (pad 2 smd roundrect (at 0.48 0) (size 0.56 0.62) (layers F.Cu F.Paste F.Mask) (roundrect_rratio 0.25)
      (net 3 "Net-(C2-Pad2)"))
    (pad 1 smd roundrect (at -0.48 0) (size 0.56 0.62) (layers F.Cu F.Paste F.Mask) (roundrect_rratio 0.25)
      (net 4 "Net-(C2-Pad1)"))
    (model ${KISYS3DMOD}/Capacitor_SMD.3dshapes/C_0402_1005Metric.wrl
      (at (xyz 0 0 0))
      (scale (xyz 1 1 1))
      (rotate (xyz 0 0 0))
    )
  )

  (module Capacitor_SMD:C_1206_3216Metric (layer F.Cu) (tedit 5F68FEEE) (tstamp 6204CA51)
    (at 128.2 103)
    (descr "Capacitor SMD 1206 (3216 Metric), square (rectangular) end terminal, IPC_7351 nominal, (Body size source: IPC-SM-782 page 76, https://www.pcb-3d.com/wordpress/wp-content/uploads/ipc-sm-782a_amendment_1_and_2.pdf), generated with kicad-footprint-generator")
    (tags capacitor)
    (path /62223F87)
    (attr smd)
    (fp_text reference C3 (at 0 -1.85) (layer F.SilkS)
      (effects (font (size 1 1) (thickness 0.15)))
    )
    (fp_text value 4u7 (at 0 1.85) (layer F.Fab)
      (effects (font (size 1 1) (thickness 0.15)))
    )
    (fp_text user %R (at 0 0) (layer F.Fab)
      (effects (font (size 0.8 0.8) (thickness 0.12)))
    )
    (fp_line (start -1.6 0.8) (end -1.6 -0.8) (layer F.Fab) (width 0.1))
    (fp_line (start -1.6 -0.8) (end 1.6 -0.8) (layer F.Fab) (width 0.1))
    (fp_line (start 1.6 -0.8) (end 1.6 0.8) (layer F.Fab) (width 0.1))
    (fp_line (start 1.6 0.8) (end -1.6 0.8) (layer F.Fab) (width 0.1))
    (fp_line (start -0.711252 -0.91) (end 0.711252 -0.91) (layer F.SilkS) (width 0.12))
    (fp_line (start -0.711252 0.91) (end 0.711252 0.91) (layer F.SilkS) (width 0.12))
    (fp_line (start -2.3 1.15) (end -2.3 -1.15) (layer F.CrtYd) (width 0.05))
    (fp_line (start -2.3 -1.15) (end 2.3 -1.15) (layer F.CrtYd) (width 0.05))
    (fp_line (start 2.3 -1.15) (end 2.3 1.15) (layer F.CrtYd) (width 0.05))
    (fp_line (start 2.3 1.15) (end -2.3 1.15) (layer F.CrtYd) (width 0.05))
    (pad 2 smd roundrect (at 1.475 0) (size 1.15 1.8) (layers F.Cu F.Paste F.Mask) (roundrect_rratio 0.217391)
      (net 2 GND))
    (pad 1 smd roundrect (at -1.475 0) (size 1.15 1.8) (layers F.Cu F.Paste F.Mask) (roundrect_rratio 0.217391)
      (net 5 +15V))
    (model ${KISYS3DMOD}/Capacitor_SMD.3dshapes/C_1206_3216Metric.wrl
      (at (xyz 0 0 0))
      (scale (xyz 1 1 1))
      (rotate (xyz 0 0 0))
    )
  )

  (module Capacitor_SMD:C_1206_3216Metric (layer F.Cu) (tedit 5F68FEEE) (tstamp 6204CAB1)
    (at 112.9 104.6)
    (descr "Capacitor SMD 1206 (3216 Metric), square (rectangular) end terminal, IPC_7351 nominal, (Body size source: IPC-SM-782 page 76, https://www.pcb-3d.com/wordpress/wp-content/uploads/ipc-sm-782a_amendment_1_and_2.pdf), generated with kicad-footprint-generator")
    (tags capacitor)
    (path /62241A54)
    (attr smd)
    (fp_text reference C4 (at 0 -1.85) (layer F.SilkS)
      (effects (font (size 1 1) (thickness 0.15)))
    )
    (fp_text value 4u7 (at 0 1.85) (layer F.Fab)
      (effects (font (size 1 1) (thickness 0.15)))
    )
    (fp_line (start 2.3 1.15) (end -2.3 1.15) (layer F.CrtYd) (width 0.05))
    (fp_line (start 2.3 -1.15) (end 2.3 1.15) (layer F.CrtYd) (width 0.05))
    (fp_line (start -2.3 -1.15) (end 2.3 -1.15) (layer F.CrtYd) (width 0.05))
    (fp_line (start -2.3 1.15) (end -2.3 -1.15) (layer F.CrtYd) (width 0.05))
    (fp_line (start -0.711252 0.91) (end 0.711252 0.91) (layer F.SilkS) (width 0.12))
    (fp_line (start -0.711252 -0.91) (end 0.711252 -0.91) (layer F.SilkS) (width 0.12))
    (fp_line (start 1.6 0.8) (end -1.6 0.8) (layer F.Fab) (width 0.1))
    (fp_line (start 1.6 -0.8) (end 1.6 0.8) (layer F.Fab) (width 0.1))
    (fp_line (start -1.6 -0.8) (end 1.6 -0.8) (layer F.Fab) (width 0.1))
    (fp_line (start -1.6 0.8) (end -1.6 -0.8) (layer F.Fab) (width 0.1))
    (fp_text user %R (at 0 0) (layer F.Fab)
      (effects (font (size 0.8 0.8) (thickness 0.12)))
    )
    (pad 1 smd roundrect (at -1.475 0) (size 1.15 1.8) (layers F.Cu F.Paste F.Mask) (roundrect_rratio 0.217391)
      (net 2 GND))
    (pad 2 smd roundrect (at 1.475 0) (size 1.15 1.8) (layers F.Cu F.Paste F.Mask) (roundrect_rratio 0.217391)
      (net 6 -15V))
    (model ${KISYS3DMOD}/Capacitor_SMD.3dshapes/C_1206_3216Metric.wrl
      (at (xyz 0 0 0))
      (scale (xyz 1 1 1))
      (rotate (xyz 0 0 0))
    )
  )

  (module Connector_Coaxial:U.FL_Hirose_U.FL-R-SMT-1_Vertical locked (layer F.Cu) (tedit 5A1DBFC3) (tstamp 6204C299)
    (at 126.8 113.4)
    (descr "Hirose U.FL Coaxial https://www.hirose.com/product/en/products/U.FL/U.FL-R-SMT-1%2810%29/")
    (tags "Hirose U.FL Coaxial")
    (path /6206AEE0)
    (attr smd)
    (fp_text reference J1 (at -1.6 -1.3) (layer F.SilkS)
      (effects (font (size 0.6 0.6) (thickness 0.1)))
    )
    (fp_text value Probe (at 0.475 3.2) (layer F.Fab)
      (effects (font (size 1 1) (thickness 0.15)))
    )
    (fp_line (start -1.32 -1) (end -2.02 -1) (layer F.CrtYd) (width 0.05))
    (fp_line (start -1.32 1.8) (end -1.32 1) (layer F.CrtYd) (width 0.05))
    (fp_line (start -1.32 -1.8) (end -1.12 -1.8) (layer F.CrtYd) (width 0.05))
    (fp_line (start -1.12 -1.8) (end -1.12 -2.5) (layer F.CrtYd) (width 0.05))
    (fp_line (start 2.08 -2.5) (end -1.12 -2.5) (layer F.CrtYd) (width 0.05))
    (fp_line (start -1.32 -1) (end -1.32 -1.8) (layer F.CrtYd) (width 0.05))
    (fp_line (start 2.08 -1.8) (end 2.08 -2.5) (layer F.CrtYd) (width 0.05))
    (fp_line (start 2.08 -1.8) (end 2.28 -1.8) (layer F.CrtYd) (width 0.05))
    (fp_line (start -0.885 -1.4) (end -0.885 -0.76) (layer F.SilkS) (width 0.12))
    (fp_line (start -0.425 1.5) (end -0.425 1.3) (layer F.Fab) (width 0.1))
    (fp_line (start -0.425 1.3) (end -0.825 1.3) (layer F.Fab) (width 0.1))
    (fp_line (start -0.825 0.3) (end -0.825 1.3) (layer F.Fab) (width 0.1))
    (fp_line (start -1.075 0.3) (end -0.825 0.3) (layer F.Fab) (width 0.1))
    (fp_line (start -1.075 0.3) (end -1.075 -0.15) (layer F.Fab) (width 0.1))
    (fp_line (start -0.925 -0.3) (end -0.825 -0.3) (layer F.Fab) (width 0.1))
    (fp_line (start -0.825 -0.3) (end -0.825 -1.3) (layer F.Fab) (width 0.1))
    (fp_line (start -0.425 -1.5) (end -0.425 -1.3) (layer F.Fab) (width 0.1))
    (fp_line (start -0.425 -1.3) (end -0.825 -1.3) (layer F.Fab) (width 0.1))
    (fp_line (start -0.425 1.5) (end 1.375 1.5) (layer F.Fab) (width 0.1))
    (fp_line (start 1.375 1.5) (end 1.375 1.3) (layer F.Fab) (width 0.1))
    (fp_line (start 1.775 1.3) (end 1.375 1.3) (layer F.Fab) (width 0.1))
    (fp_line (start 1.775 -1.3) (end 1.775 1.3) (layer F.Fab) (width 0.1))
    (fp_line (start -0.425 -1.5) (end 1.375 -1.5) (layer F.Fab) (width 0.1))
    (fp_line (start 1.375 -1.5) (end 1.375 -1.3) (layer F.Fab) (width 0.1))
    (fp_line (start 1.775 -1.3) (end 1.375 -1.3) (layer F.Fab) (width 0.1))
    (fp_line (start -0.925 -0.3) (end -1.075 -0.15) (layer F.Fab) (width 0.1))
    (fp_line (start -0.885 1.4) (end -0.885 0.76) (layer F.SilkS) (width 0.12))
    (fp_line (start -0.885 -0.76) (end -1.515 -0.76) (layer F.SilkS) (width 0.12))
    (fp_line (start 1.835 -1.35) (end 1.835 1.35) (layer F.SilkS) (width 0.12))
    (fp_line (start 2.08 2.5) (end -1.12 2.5) (layer F.CrtYd) (width 0.05))
    (fp_line (start -1.12 2.5) (end -1.12 1.8) (layer F.CrtYd) (width 0.05))
    (fp_line (start -1.32 1.8) (end -1.12 1.8) (layer F.CrtYd) (width 0.05))
    (fp_line (start 2.28 1.8) (end 2.28 -1.8) (layer F.CrtYd) (width 0.05))
    (fp_line (start 2.08 2.5) (end 2.08 1.8) (layer F.CrtYd) (width 0.05))
    (fp_line (start 2.08 1.8) (end 2.28 1.8) (layer F.CrtYd) (width 0.05))
    (fp_line (start -1.32 1) (end -2.02 1) (layer F.CrtYd) (width 0.05))
    (fp_line (start -2.02 1) (end -2.02 -1) (layer F.CrtYd) (width 0.05))
    (fp_text user %R (at 0.475 0 90) (layer F.Fab)
      (effects (font (size 0.6 0.6) (thickness 0.09)))
    )
    (pad 2 smd rect (at 0.475 1.475) (size 2.2 1.05) (layers F.Cu F.Paste F.Mask)
      (net 2 GND))
    (pad 1 smd rect (at -1.05 0) (size 1.05 1) (layers F.Cu F.Paste F.Mask)
      (net 7 /PROBE))
    (pad 2 smd rect (at 0.475 -1.475) (size 2.2 1.05) (layers F.Cu F.Paste F.Mask)
      (net 2 GND))
    (model ${KISYS3DMOD}/Connector_Coaxial.3dshapes/U.FL_Hirose_U.FL-R-SMT-1_Vertical.wrl
      (offset (xyz 0.4749999928262157 0 0))
      (scale (xyz 1 1 1))
      (rotate (xyz 0 0 0))
    )
  )

  (module Connector_PinHeader_1.27mm:PinHeader_1x07_P1.27mm_Vertical locked (layer B.Cu) (tedit 59FED6E3) (tstamp 6204C955)
    (at 130.7 114.71)
    (descr "Through hole straight pin header, 1x07, 1.27mm pitch, single row")
    (tags "Through hole pin header THT 1x07 1.27mm single row")
    (path /6204969F)
    (fp_text reference J3 (at 0 1.4) (layer B.SilkS)
      (effects (font (size 0.6 0.6) (thickness 0.1)) (justify mirror))
    )
    (fp_text value TekProbe_Header (at 0 -9.315) (layer B.Fab)
      (effects (font (size 1 1) (thickness 0.15)) (justify mirror))
    )
    (fp_line (start 1.55 1.15) (end -1.55 1.15) (layer B.CrtYd) (width 0.05))
    (fp_line (start 1.55 -8.8) (end 1.55 1.15) (layer B.CrtYd) (width 0.05))
    (fp_line (start -1.55 -8.8) (end 1.55 -8.8) (layer B.CrtYd) (width 0.05))
    (fp_line (start -1.55 1.15) (end -1.55 -8.8) (layer B.CrtYd) (width 0.05))
    (fp_line (start -1.11 0.76) (end 0 0.76) (layer B.SilkS) (width 0.12))
    (fp_line (start -1.11 0) (end -1.11 0.76) (layer B.SilkS) (width 0.12))
    (fp_line (start 0.563471 -0.76) (end 1.11 -0.76) (layer B.SilkS) (width 0.12))
    (fp_line (start -1.11 -0.76) (end -0.563471 -0.76) (layer B.SilkS) (width 0.12))
    (fp_line (start 1.11 -0.76) (end 1.11 -8.315) (layer B.SilkS) (width 0.12))
    (fp_line (start -1.11 -0.76) (end -1.11 -8.315) (layer B.SilkS) (width 0.12))
    (fp_line (start 0.30753 -8.315) (end 1.11 -8.315) (layer B.SilkS) (width 0.12))
    (fp_line (start -1.11 -8.315) (end -0.30753 -8.315) (layer B.SilkS) (width 0.12))
    (fp_line (start -1.05 0.11) (end -0.525 0.635) (layer B.Fab) (width 0.1))
    (fp_line (start -1.05 -8.255) (end -1.05 0.11) (layer B.Fab) (width 0.1))
    (fp_line (start 1.05 -8.255) (end -1.05 -8.255) (layer B.Fab) (width 0.1))
    (fp_line (start 1.05 0.635) (end 1.05 -8.255) (layer B.Fab) (width 0.1))
    (fp_line (start -0.525 0.635) (end 1.05 0.635) (layer B.Fab) (width 0.1))
    (fp_text user %R (at 0 -3.81 -90) (layer B.Fab)
      (effects (font (size 1 1) (thickness 0.15)) (justify mirror))
    )
    (pad 1 thru_hole rect (at 0 0) (size 1 1) (drill 0.65) (layers *.Cu *.Mask)
      (net 5 +15V))
    (pad 2 thru_hole oval (at 0 -1.27) (size 1 1) (drill 0.65) (layers *.Cu *.Mask)
      (net 9 +5V))
    (pad 3 thru_hole oval (at 0 -2.54) (size 1 1) (drill 0.65) (layers *.Cu *.Mask)
      (net 10 /ID_CLK))
    (pad 4 thru_hole oval (at 0 -3.81) (size 1 1) (drill 0.65) (layers *.Cu *.Mask)
      (net 11 /ID_DAT))
    (pad 5 thru_hole oval (at 0 -5.08) (size 1 1) (drill 0.65) (layers *.Cu *.Mask)
      (net 6 -15V))
    (pad 6 thru_hole oval (at 0 -6.35) (size 1 1) (drill 0.65) (layers *.Cu *.Mask)
      (net 12 "Net-(J3-Pad6)"))
    (pad 7 thru_hole oval (at 0 -7.62) (size 1 1) (drill 0.65) (layers *.Cu *.Mask)
      (net 13 "Net-(J3-Pad7)"))
    (model ${KISYS3DMOD}/Connector_PinHeader_1.27mm.3dshapes/PinHeader_1x07_P1.27mm_Vertical.wrl
      (at (xyz 0 0 0))
      (scale (xyz 1 1 1))
      (rotate (xyz 0 0 0))
    )
  )

  (module Connector_Coaxial:U.FL_Hirose_U.FL-R-SMT-1_Vertical locked (layer F.Cu) (tedit 5A1DBFC3) (tstamp 6204C9E9)
    (at 126.8 108.3)
    (descr "Hirose U.FL Coaxial https://www.hirose.com/product/en/products/U.FL/U.FL-R-SMT-1%2810%29/")
    (tags "Hirose U.FL Coaxial")
    (path /620A161E)
    (attr smd)
    (fp_text reference J4 (at -1.6 -1.3) (layer F.SilkS)
      (effects (font (size 0.6 0.6) (thickness 0.1)))
    )
    (fp_text value Pigtail_BNC (at 0.475 3.2) (layer F.Fab)
      (effects (font (size 1 1) (thickness 0.15)))
    )
    (fp_line (start -1.32 -1) (end -2.02 -1) (layer F.CrtYd) (width 0.05))
    (fp_line (start -1.32 1.8) (end -1.32 1) (layer F.CrtYd) (width 0.05))
    (fp_line (start -1.32 -1.8) (end -1.12 -1.8) (layer F.CrtYd) (width 0.05))
    (fp_line (start -1.12 -1.8) (end -1.12 -2.5) (layer F.CrtYd) (width 0.05))
    (fp_line (start 2.08 -2.5) (end -1.12 -2.5) (layer F.CrtYd) (width 0.05))
    (fp_line (start -1.32 -1) (end -1.32 -1.8) (layer F.CrtYd) (width 0.05))
    (fp_line (start 2.08 -1.8) (end 2.08 -2.5) (layer F.CrtYd) (width 0.05))
    (fp_line (start 2.08 -1.8) (end 2.28 -1.8) (layer F.CrtYd) (width 0.05))
    (fp_line (start -0.885 -1.4) (end -0.885 -0.76) (layer F.SilkS) (width 0.12))
    (fp_line (start -0.425 1.5) (end -0.425 1.3) (layer F.Fab) (width 0.1))
    (fp_line (start -0.425 1.3) (end -0.825 1.3) (layer F.Fab) (width 0.1))
    (fp_line (start -0.825 0.3) (end -0.825 1.3) (layer F.Fab) (width 0.1))
    (fp_line (start -1.075 0.3) (end -0.825 0.3) (layer F.Fab) (width 0.1))
    (fp_line (start -1.075 0.3) (end -1.075 -0.15) (layer F.Fab) (width 0.1))
    (fp_line (start -0.925 -0.3) (end -0.825 -0.3) (layer F.Fab) (width 0.1))
    (fp_line (start -0.825 -0.3) (end -0.825 -1.3) (layer F.Fab) (width 0.1))
    (fp_line (start -0.425 -1.5) (end -0.425 -1.3) (layer F.Fab) (width 0.1))
    (fp_line (start -0.425 -1.3) (end -0.825 -1.3) (layer F.Fab) (width 0.1))
    (fp_line (start -0.425 1.5) (end 1.375 1.5) (layer F.Fab) (width 0.1))
    (fp_line (start 1.375 1.5) (end 1.375 1.3) (layer F.Fab) (width 0.1))
    (fp_line (start 1.775 1.3) (end 1.375 1.3) (layer F.Fab) (width 0.1))
    (fp_line (start 1.775 -1.3) (end 1.775 1.3) (layer F.Fab) (width 0.1))
    (fp_line (start -0.425 -1.5) (end 1.375 -1.5) (layer F.Fab) (width 0.1))
    (fp_line (start 1.375 -1.5) (end 1.375 -1.3) (layer F.Fab) (width 0.1))
    (fp_line (start 1.775 -1.3) (end 1.375 -1.3) (layer F.Fab) (width 0.1))
    (fp_line (start -0.925 -0.3) (end -1.075 -0.15) (layer F.Fab) (width 0.1))
    (fp_line (start -0.885 1.4) (end -0.885 0.76) (layer F.SilkS) (width 0.12))
    (fp_line (start -0.885 -0.76) (end -1.515 -0.76) (layer F.SilkS) (width 0.12))
    (fp_line (start 1.835 -1.35) (end 1.835 1.35) (layer F.SilkS) (width 0.12))
    (fp_line (start 2.08 2.5) (end -1.12 2.5) (layer F.CrtYd) (width 0.05))
    (fp_line (start -1.12 2.5) (end -1.12 1.8) (layer F.CrtYd) (width 0.05))
    (fp_line (start -1.32 1.8) (end -1.12 1.8) (layer F.CrtYd) (width 0.05))
    (fp_line (start 2.28 1.8) (end 2.28 -1.8) (layer F.CrtYd) (width 0.05))
    (fp_line (start 2.08 2.5) (end 2.08 1.8) (layer F.CrtYd) (width 0.05))
    (fp_line (start 2.08 1.8) (end 2.28 1.8) (layer F.CrtYd) (width 0.05))
    (fp_line (start -1.32 1) (end -2.02 1) (layer F.CrtYd) (width 0.05))
    (fp_line (start -2.02 1) (end -2.02 -1) (layer F.CrtYd) (width 0.05))
    (fp_text user %R (at 0.475 0 90) (layer F.Fab)
      (effects (font (size 0.6 0.6) (thickness 0.09)))
    )
    (pad 2 smd rect (at 0.475 1.475) (size 2.2 1.05) (layers F.Cu F.Paste F.Mask)
      (net 2 GND))
    (pad 1 smd rect (at -1.05 0) (size 1.05 1) (layers F.Cu F.Paste F.Mask)
      (net 14 /V_OUT))
    (pad 2 smd rect (at 0.475 -1.475) (size 2.2 1.05) (layers F.Cu F.Paste F.Mask)
      (net 2 GND))
    (model ${KISYS3DMOD}/Connector_Coaxial.3dshapes/U.FL_Hirose_U.FL-R-SMT-1_Vertical.wrl
      (offset (xyz 0.4749999928262157 0 0))
      (scale (xyz 1 1 1))
      (rotate (xyz 0 0 0))
    )
  )

  (module Resistor_SMD:R_0402_1005Metric (layer F.Cu) (tedit 5F68FEEE) (tstamp 6204CA81)
    (at 118.2 130.2)
    (descr "Resistor SMD 0402 (1005 Metric), square (rectangular) end terminal, IPC_7351 nominal, (Body size source: IPC-SM-782 page 72, https://www.pcb-3d.com/wordpress/wp-content/uploads/ipc-sm-782a_amendment_1_and_2.pdf), generated with kicad-footprint-generator")
    (tags resistor)
    (path /621AD8A2)
    (attr smd)
    (fp_text reference R1 (at 0 -1.17) (layer F.SilkS)
      (effects (font (size 1 1) (thickness 0.15)))
    )
    (fp_text value 1k5 (at 0 1.17) (layer F.Fab)
      (effects (font (size 1 1) (thickness 0.15)))
    )
    (fp_text user %R (at 0 0) (layer F.Fab)
      (effects (font (size 0.26 0.26) (thickness 0.04)))
    )
    (fp_line (start -0.525 0.27) (end -0.525 -0.27) (layer F.Fab) (width 0.1))
    (fp_line (start -0.525 -0.27) (end 0.525 -0.27) (layer F.Fab) (width 0.1))
    (fp_line (start 0.525 -0.27) (end 0.525 0.27) (layer F.Fab) (width 0.1))
    (fp_line (start 0.525 0.27) (end -0.525 0.27) (layer F.Fab) (width 0.1))
    (fp_line (start -0.153641 -0.38) (end 0.153641 -0.38) (layer F.SilkS) (width 0.12))
    (fp_line (start -0.153641 0.38) (end 0.153641 0.38) (layer F.SilkS) (width 0.12))
    (fp_line (start -0.93 0.47) (end -0.93 -0.47) (layer F.CrtYd) (width 0.05))
    (fp_line (start -0.93 -0.47) (end 0.93 -0.47) (layer F.CrtYd) (width 0.05))
    (fp_line (start 0.93 -0.47) (end 0.93 0.47) (layer F.CrtYd) (width 0.05))
    (fp_line (start 0.93 0.47) (end -0.93 0.47) (layer F.CrtYd) (width 0.05))
    (pad 2 smd roundrect (at 0.51 0) (size 0.54 0.64) (layers F.Cu F.Paste F.Mask) (roundrect_rratio 0.25)
      (net 2 GND))
    (pad 1 smd roundrect (at -0.51 0) (size 0.54 0.64) (layers F.Cu F.Paste F.Mask) (roundrect_rratio 0.25)
      (net 1 "Net-(C1-Pad1)"))
    (model ${KISYS3DMOD}/Resistor_SMD.3dshapes/R_0402_1005Metric.wrl
      (at (xyz 0 0 0))
      (scale (xyz 1 1 1))
      (rotate (xyz 0 0 0))
    )
  )

  (module Resistor_SMD:R_0402_1005Metric (layer F.Cu) (tedit 5F68FEEE) (tstamp 6204C99D)
    (at 106.68 131.318)
    (descr "Resistor SMD 0402 (1005 Metric), square (rectangular) end terminal, IPC_7351 nominal, (Body size source: IPC-SM-782 page 72, https://www.pcb-3d.com/wordpress/wp-content/uploads/ipc-sm-782a_amendment_1_and_2.pdf), generated with kicad-footprint-generator")
    (tags resistor)
    (path /621C0CC0)
    (attr smd)
    (fp_text reference R2 (at 0 -1.17) (layer F.SilkS)
      (effects (font (size 1 1) (thickness 0.15)))
    )
    (fp_text value 1k5 (at 0 1.17) (layer F.Fab)
      (effects (font (size 1 1) (thickness 0.15)))
    )
    (fp_line (start 0.93 0.47) (end -0.93 0.47) (layer F.CrtYd) (width 0.05))
    (fp_line (start 0.93 -0.47) (end 0.93 0.47) (layer F.CrtYd) (width 0.05))
    (fp_line (start -0.93 -0.47) (end 0.93 -0.47) (layer F.CrtYd) (width 0.05))
    (fp_line (start -0.93 0.47) (end -0.93 -0.47) (layer F.CrtYd) (width 0.05))
    (fp_line (start -0.153641 0.38) (end 0.153641 0.38) (layer F.SilkS) (width 0.12))
    (fp_line (start -0.153641 -0.38) (end 0.153641 -0.38) (layer F.SilkS) (width 0.12))
    (fp_line (start 0.525 0.27) (end -0.525 0.27) (layer F.Fab) (width 0.1))
    (fp_line (start 0.525 -0.27) (end 0.525 0.27) (layer F.Fab) (width 0.1))
    (fp_line (start -0.525 -0.27) (end 0.525 -0.27) (layer F.Fab) (width 0.1))
    (fp_line (start -0.525 0.27) (end -0.525 -0.27) (layer F.Fab) (width 0.1))
    (fp_text user %R (at 0 0) (layer F.Fab)
      (effects (font (size 0.26 0.26) (thickness 0.04)))
    )
    (pad 1 smd roundrect (at -0.51 0) (size 0.54 0.64) (layers F.Cu F.Paste F.Mask) (roundrect_rratio 0.25)
      (net 3 "Net-(C2-Pad2)"))
    (pad 2 smd roundrect (at 0.51 0) (size 0.54 0.64) (layers F.Cu F.Paste F.Mask) (roundrect_rratio 0.25)
      (net 1 "Net-(C1-Pad1)"))
    (model ${KISYS3DMOD}/Resistor_SMD.3dshapes/R_0402_1005Metric.wrl
      (at (xyz 0 0 0))
      (scale (xyz 1 1 1))
      (rotate (xyz 0 0 0))
    )
  )

  (module Resistor_SMD:R_0402_1005Metric (layer F.Cu) (tedit 5F68FEEE) (tstamp 6204CAE1)
    (at 110.49 127.508)
    (descr "Resistor SMD 0402 (1005 Metric), square (rectangular) end terminal, IPC_7351 nominal, (Body size source: IPC-SM-782 page 72, https://www.pcb-3d.com/wordpress/wp-content/uploads/ipc-sm-782a_amendment_1_and_2.pdf), generated with kicad-footprint-generator")
    (tags resistor)
    (path /620F356E)
    (attr smd)
    (fp_text reference R3 (at 0 -1.17) (layer F.SilkS)
      (effects (font (size 1 1) (thickness 0.15)))
    )
    (fp_text value 707R (at 0 1.17) (layer F.Fab)
      (effects (font (size 1 1) (thickness 0.15)))
    )
    (fp_text user %R (at 0 0) (layer F.Fab)
      (effects (font (size 0.26 0.26) (thickness 0.04)))
    )
    (fp_line (start -0.525 0.27) (end -0.525 -0.27) (layer F.Fab) (width 0.1))
    (fp_line (start -0.525 -0.27) (end 0.525 -0.27) (layer F.Fab) (width 0.1))
    (fp_line (start 0.525 -0.27) (end 0.525 0.27) (layer F.Fab) (width 0.1))
    (fp_line (start 0.525 0.27) (end -0.525 0.27) (layer F.Fab) (width 0.1))
    (fp_line (start -0.153641 -0.38) (end 0.153641 -0.38) (layer F.SilkS) (width 0.12))
    (fp_line (start -0.153641 0.38) (end 0.153641 0.38) (layer F.SilkS) (width 0.12))
    (fp_line (start -0.93 0.47) (end -0.93 -0.47) (layer F.CrtYd) (width 0.05))
    (fp_line (start -0.93 -0.47) (end 0.93 -0.47) (layer F.CrtYd) (width 0.05))
    (fp_line (start 0.93 -0.47) (end 0.93 0.47) (layer F.CrtYd) (width 0.05))
    (fp_line (start 0.93 0.47) (end -0.93 0.47) (layer F.CrtYd) (width 0.05))
    (pad 2 smd roundrect (at 0.51 0) (size 0.54 0.64) (layers F.Cu F.Paste F.Mask) (roundrect_rratio 0.25)
      (net 7 /PROBE))
    (pad 1 smd roundrect (at -0.51 0) (size 0.54 0.64) (layers F.Cu F.Paste F.Mask) (roundrect_rratio 0.25)
      (net 15 /HI_PROBE))
    (model ${KISYS3DMOD}/Resistor_SMD.3dshapes/R_0402_1005Metric.wrl
      (at (xyz 0 0 0))
      (scale (xyz 1 1 1))
      (rotate (xyz 0 0 0))
    )
  )

  (module Resistor_SMD:R_0402_1005Metric (layer F.Cu) (tedit 5F68FEEE) (tstamp 6204C8E9)
    (at 108.966 133.35)
    (descr "Resistor SMD 0402 (1005 Metric), square (rectangular) end terminal, IPC_7351 nominal, (Body size source: IPC-SM-782 page 72, https://www.pcb-3d.com/wordpress/wp-content/uploads/ipc-sm-782a_amendment_1_and_2.pdf), generated with kicad-footprint-generator")
    (tags resistor)
    (path /620F3BE9)
    (attr smd)
    (fp_text reference R4 (at 0 -1.17) (layer F.SilkS)
      (effects (font (size 1 1) (thickness 0.15)))
    )
    (fp_text value 7k07 (at 0 1.17) (layer F.Fab)
      (effects (font (size 1 1) (thickness 0.15)))
    )
    (fp_line (start 0.93 0.47) (end -0.93 0.47) (layer F.CrtYd) (width 0.05))
    (fp_line (start 0.93 -0.47) (end 0.93 0.47) (layer F.CrtYd) (width 0.05))
    (fp_line (start -0.93 -0.47) (end 0.93 -0.47) (layer F.CrtYd) (width 0.05))
    (fp_line (start -0.93 0.47) (end -0.93 -0.47) (layer F.CrtYd) (width 0.05))
    (fp_line (start -0.153641 0.38) (end 0.153641 0.38) (layer F.SilkS) (width 0.12))
    (fp_line (start -0.153641 -0.38) (end 0.153641 -0.38) (layer F.SilkS) (width 0.12))
    (fp_line (start 0.525 0.27) (end -0.525 0.27) (layer F.Fab) (width 0.1))
    (fp_line (start 0.525 -0.27) (end 0.525 0.27) (layer F.Fab) (width 0.1))
    (fp_line (start -0.525 -0.27) (end 0.525 -0.27) (layer F.Fab) (width 0.1))
    (fp_line (start -0.525 0.27) (end -0.525 -0.27) (layer F.Fab) (width 0.1))
    (fp_text user %R (at 0 0) (layer F.Fab)
      (effects (font (size 0.26 0.26) (thickness 0.04)))
    )
    (pad 1 smd roundrect (at -0.51 0) (size 0.54 0.64) (layers F.Cu F.Paste F.Mask) (roundrect_rratio 0.25)
      (net 16 /LO_PROBE))
    (pad 2 smd roundrect (at 0.51 0) (size 0.54 0.64) (layers F.Cu F.Paste F.Mask) (roundrect_rratio 0.25)
      (net 7 /PROBE))
    (model ${KISYS3DMOD}/Resistor_SMD.3dshapes/R_0402_1005Metric.wrl
      (at (xyz 0 0 0))
      (scale (xyz 1 1 1))
      (rotate (xyz 0 0 0))
    )
  )

  (module Resistor_SMD:R_0402_1005Metric (layer F.Cu) (tedit 5F68FEEE) (tstamp 6204C86E)
    (at 112.776 130.81)
    (descr "Resistor SMD 0402 (1005 Metric), square (rectangular) end terminal, IPC_7351 nominal, (Body size source: IPC-SM-782 page 72, https://www.pcb-3d.com/wordpress/wp-content/uploads/ipc-sm-782a_amendment_1_and_2.pdf), generated with kicad-footprint-generator")
    (tags resistor)
    (path /6217786D)
    (attr smd)
    (fp_text reference R5 (at 0 -1.17) (layer F.SilkS)
      (effects (font (size 1 1) (thickness 0.15)))
    )
    (fp_text value 10k (at 0 1.17) (layer F.Fab)
      (effects (font (size 1 1) (thickness 0.15)))
    )
    (fp_line (start 0.93 0.47) (end -0.93 0.47) (layer F.CrtYd) (width 0.05))
    (fp_line (start 0.93 -0.47) (end 0.93 0.47) (layer F.CrtYd) (width 0.05))
    (fp_line (start -0.93 -0.47) (end 0.93 -0.47) (layer F.CrtYd) (width 0.05))
    (fp_line (start -0.93 0.47) (end -0.93 -0.47) (layer F.CrtYd) (width 0.05))
    (fp_line (start -0.153641 0.38) (end 0.153641 0.38) (layer F.SilkS) (width 0.12))
    (fp_line (start -0.153641 -0.38) (end 0.153641 -0.38) (layer F.SilkS) (width 0.12))
    (fp_line (start 0.525 0.27) (end -0.525 0.27) (layer F.Fab) (width 0.1))
    (fp_line (start 0.525 -0.27) (end 0.525 0.27) (layer F.Fab) (width 0.1))
    (fp_line (start -0.525 -0.27) (end 0.525 -0.27) (layer F.Fab) (width 0.1))
    (fp_line (start -0.525 0.27) (end -0.525 -0.27) (layer F.Fab) (width 0.1))
    (fp_text user %R (at 0 0) (layer F.Fab)
      (effects (font (size 0.26 0.26) (thickness 0.04)))
    )
    (pad 1 smd roundrect (at -0.51 0) (size 0.54 0.64) (layers F.Cu F.Paste F.Mask) (roundrect_rratio 0.25)
      (net 17 "Net-(R5-Pad1)"))
    (pad 2 smd roundrect (at 0.51 0) (size 0.54 0.64) (layers F.Cu F.Paste F.Mask) (roundrect_rratio 0.25)
      (net 18 "Net-(R5-Pad2)"))
    (model ${KISYS3DMOD}/Resistor_SMD.3dshapes/R_0402_1005Metric.wrl
      (at (xyz 0 0 0))
      (scale (xyz 1 1 1))
      (rotate (xyz 0 0 0))
    )
  )

  (module Resistor_SMD:R_0402_1005Metric (layer F.Cu) (tedit 5F68FEEE) (tstamp 6204CB9E)
    (at 111.252 133.604)
    (descr "Resistor SMD 0402 (1005 Metric), square (rectangular) end terminal, IPC_7351 nominal, (Body size source: IPC-SM-782 page 72, https://www.pcb-3d.com/wordpress/wp-content/uploads/ipc-sm-782a_amendment_1_and_2.pdf), generated with kicad-footprint-generator")
    (tags resistor)
    (path /62164EE8)
    (attr smd)
    (fp_text reference R6 (at 0 -1.17) (layer F.SilkS)
      (effects (font (size 1 1) (thickness 0.15)))
    )
    (fp_text value 100k (at 0 1.17) (layer F.Fab)
      (effects (font (size 1 1) (thickness 0.15)))
    )
    (fp_text user %R (at 0 0) (layer F.Fab)
      (effects (font (size 0.26 0.26) (thickness 0.04)))
    )
    (fp_line (start -0.525 0.27) (end -0.525 -0.27) (layer F.Fab) (width 0.1))
    (fp_line (start -0.525 -0.27) (end 0.525 -0.27) (layer F.Fab) (width 0.1))
    (fp_line (start 0.525 -0.27) (end 0.525 0.27) (layer F.Fab) (width 0.1))
    (fp_line (start 0.525 0.27) (end -0.525 0.27) (layer F.Fab) (width 0.1))
    (fp_line (start -0.153641 -0.38) (end 0.153641 -0.38) (layer F.SilkS) (width 0.12))
    (fp_line (start -0.153641 0.38) (end 0.153641 0.38) (layer F.SilkS) (width 0.12))
    (fp_line (start -0.93 0.47) (end -0.93 -0.47) (layer F.CrtYd) (width 0.05))
    (fp_line (start -0.93 -0.47) (end 0.93 -0.47) (layer F.CrtYd) (width 0.05))
    (fp_line (start 0.93 -0.47) (end 0.93 0.47) (layer F.CrtYd) (width 0.05))
    (fp_line (start 0.93 0.47) (end -0.93 0.47) (layer F.CrtYd) (width 0.05))
    (pad 2 smd roundrect (at 0.51 0) (size 0.54 0.64) (layers F.Cu F.Paste F.Mask) (roundrect_rratio 0.25)
      (net 17 "Net-(R5-Pad1)"))
    (pad 1 smd roundrect (at -0.51 0) (size 0.54 0.64) (layers F.Cu F.Paste F.Mask) (roundrect_rratio 0.25)
      (net 19 "Net-(R6-Pad1)"))
    (model ${KISYS3DMOD}/Resistor_SMD.3dshapes/R_0402_1005Metric.wrl
      (at (xyz 0 0 0))
      (scale (xyz 1 1 1))
      (rotate (xyz 0 0 0))
    )
  )

  (module Resistor_SMD:R_0402_1005Metric (layer F.Cu) (tedit 5F68FEEE) (tstamp 6204C919)
    (at 104.902 128.27)
    (descr "Resistor SMD 0402 (1005 Metric), square (rectangular) end terminal, IPC_7351 nominal, (Body size source: IPC-SM-782 page 72, https://www.pcb-3d.com/wordpress/wp-content/uploads/ipc-sm-782a_amendment_1_and_2.pdf), generated with kicad-footprint-generator")
    (tags resistor)
    (path /620EE0F4)
    (attr smd)
    (fp_text reference R7 (at 0 -1.17) (layer F.SilkS)
      (effects (font (size 1 1) (thickness 0.15)))
    )
    (fp_text value 220k (at 0 1.17) (layer F.Fab)
      (effects (font (size 1 1) (thickness 0.15)))
    )
    (fp_line (start 0.93 0.47) (end -0.93 0.47) (layer F.CrtYd) (width 0.05))
    (fp_line (start 0.93 -0.47) (end 0.93 0.47) (layer F.CrtYd) (width 0.05))
    (fp_line (start -0.93 -0.47) (end 0.93 -0.47) (layer F.CrtYd) (width 0.05))
    (fp_line (start -0.93 0.47) (end -0.93 -0.47) (layer F.CrtYd) (width 0.05))
    (fp_line (start -0.153641 0.38) (end 0.153641 0.38) (layer F.SilkS) (width 0.12))
    (fp_line (start -0.153641 -0.38) (end 0.153641 -0.38) (layer F.SilkS) (width 0.12))
    (fp_line (start 0.525 0.27) (end -0.525 0.27) (layer F.Fab) (width 0.1))
